0.000000000000000000e+00 7.666666666666667185e-01
0.000000000000000000e+00 8.000000000000000444e-01
0.000000000000000000e+00 8.333333333333333703e-01
0.000000000000000000e+00 8.666666666666666963e-01
0.000000000000000000e+00 9.000000000000000222e-01
0.000000000000000000e+00 9.333333333333333481e-01
0.000000000000000000e+00 9.666666666666666741e-01
0.000000000000000000e+00 1.000000000000000000e+00
5.882352941176470507e-02 5.999999999999999778e-01
5.882352941176470507e-02 7.333333333333332815e-01
5.882352941176470507e-02 7.666666666666667185e-01
5.882352941176470507e-02 8.000000000000000444e-01
5.882352941176470507e-02 8.333333333333333703e-01
5.882352941176470507e-02 8.666666666666666963e-01
5.882352941176470507e-02 9.000000000000000222e-01
5.882352941176470507e-02 9.333333333333333481e-01
5.882352941176470507e-02 9.666666666666666741e-01
5.882352941176470507e-02 1.000000000000000000e+00
1.176470588235294101e-01 0.000000000000000000e+00
1.176470588235294101e-01 3.333333333333333287e-02
1.176470588235294101e-01 6.666666666666666574e-02
1.176470588235294101e-01 1.000000000000000056e-01
1.176470588235294101e-01 1.333333333333333315e-01
1.176470588235294101e-01 1.666666666666666574e-01
1.176470588235294101e-01 2.000000000000000111e-01
1.176470588235294101e-01 2.333333333333333370e-01
1.176470588235294101e-01 2.666666666666666630e-01
1.176470588235294101e-01 2.999999999999999889e-01
1.176470588235294101e-01 3.333333333333333148e-01
1.176470588235294101e-01 5.666666666666666519e-01
1.176470588235294101e-01 5.999999999999999778e-01
1.176470588235294101e-01 7.333333333333332815e-01
1.176470588235294101e-01 7.666666666666667185e-01
1.176470588235294101e-01 8.000000000000000444e-01
1.176470588235294101e-01 8.333333333333333703e-01
1.176470588235294101e-01 8.666666666666666963e-01
1.176470588235294101e-01 9.000000000000000222e-01
1.176470588235294101e-01 9.333333333333333481e-01
1.176470588235294101e-01 9.666666666666666741e-01
1.176470588235294101e-01 1.000000000000000000e+00
1.176470588235294101e-01 3.666666666666666408e-01
1.176470588235294101e-01 4.000000000000000222e-01
1.176470588235294101e-01 4.333333333333333481e-01
1.764705882352941291e-01 3.333333333333333287e-02
1.764705882352941291e-01 6.666666666666666574e-02
1.764705882352941291e-01 1.000000000000000056e-01
1.764705882352941291e-01 1.333333333333333315e-01
1.764705882352941291e-01 1.666666666666666574e-01
1.764705882352941291e-01 2.000000000000000111e-01
1.764705882352941291e-01 2.333333333333333370e-01
1.764705882352941291e-01 2.999999999999999889e-01
1.764705882352941291e-01 3.333333333333333148e-01
1.764705882352941291e-01 3.666666666666666408e-01
1.764705882352941291e-01 4.000000000000000222e-01
1.764705882352941291e-01 4.333333333333333481e-01
1.764705882352941291e-01 4.666666666666666741e-01
1.764705882352941291e-01 5.000000000000000000e-01
1.764705882352941291e-01 5.333333333333333259e-01
1.764705882352941291e-01 5.666666666666666519e-01
1.764705882352941291e-01 5.999999999999999778e-01
1.764705882352941291e-01 7.333333333333332815e-01
1.764705882352941291e-01 7.666666666666667185e-01
1.764705882352941291e-01 8.000000000000000444e-01
1.764705882352941291e-01 8.333333333333333703e-01
1.764705882352941291e-01 8.666666666666666963e-01
1.764705882352941291e-01 9.000000000000000222e-01
1.764705882352941291e-01 9.333333333333333481e-01
1.764705882352941291e-01 9.666666666666666741e-01
1.764705882352941291e-01 1.000000000000000000e+00
2.352941176470588203e-01 1.000000000000000056e-01
2.352941176470588203e-01 1.333333333333333315e-01
2.352941176470588203e-01 1.666666666666666574e-01
2.352941176470588203e-01 2.000000000000000111e-01
2.352941176470588203e-01 2.666666666666666630e-01
2.352941176470588203e-01 2.999999999999999889e-01
2.352941176470588203e-01 3.333333333333333148e-01
2.352941176470588203e-01 3.666666666666666408e-01
2.352941176470588203e-01 4.000000000000000222e-01
2.352941176470588203e-01 4.333333333333333481e-01
2.352941176470588203e-01 4.666666666666666741e-01
2.352941176470588203e-01 5.000000000000000000e-01
2.352941176470588203e-01 5.333333333333333259e-01
2.352941176470588203e-01 5.666666666666666519e-01
2.352941176470588203e-01 5.999999999999999778e-01
2.352941176470588203e-01 7.333333333333332815e-01
2.352941176470588203e-01 7.666666666666667185e-01
2.352941176470588203e-01 8.000000000000000444e-01
2.352941176470588203e-01 8.333333333333333703e-01
2.352941176470588203e-01 8.666666666666666963e-01
2.352941176470588203e-01 9.000000000000000222e-01
2.352941176470588203e-01 9.333333333333333481e-01
2.352941176470588203e-01 9.666666666666666741e-01
2.352941176470588203e-01 1.000000000000000000e+00
2.941176470588235392e-01 1.333333333333333315e-01
2.941176470588235392e-01 1.666666666666666574e-01
2.941176470588235392e-01 2.000000000000000111e-01
2.941176470588235392e-01 2.333333333333333370e-01
2.941176470588235392e-01 2.666666666666666630e-01
2.941176470588235392e-01 2.999999999999999889e-01
2.941176470588235392e-01 3.333333333333333148e-01
2.941176470588235392e-01 3.666666666666666408e-01
2.941176470588235392e-01 4.000000000000000222e-01
2.941176470588235392e-01 4.333333333333333481e-01
2.941176470588235392e-01 4.666666666666666741e-01
2.941176470588235392e-01 5.000000000000000000e-01
2.941176470588235392e-01 5.333333333333333259e-01
2.941176470588235392e-01 5.666666666666666519e-01
2.941176470588235392e-01 5.999999999999999778e-01
2.941176470588235392e-01 7.333333333333332815e-01
2.941176470588235392e-01 7.666666666666667185e-01
2.941176470588235392e-01 8.000000000000000444e-01
2.941176470588235392e-01 8.333333333333333703e-01
2.941176470588235392e-01 8.666666666666666963e-01
2.941176470588235392e-01 9.000000000000000222e-01
2.941176470588235392e-01 9.333333333333333481e-01
2.941176470588235392e-01 9.666666666666666741e-01
3.529411764705882582e-01 2.000000000000000111e-01
3.529411764705882582e-01 2.333333333333333370e-01
3.529411764705882582e-01 2.666666666666666630e-01
3.529411764705882582e-01 2.999999999999999889e-01
3.529411764705882582e-01 3.333333333333333148e-01
3.529411764705882582e-01 3.666666666666666408e-01
3.529411764705882582e-01 4.000000000000000222e-01
3.529411764705882582e-01 4.333333333333333481e-01
3.529411764705882582e-01 4.666666666666666741e-01
3.529411764705882582e-01 5.000000000000000000e-01
3.529411764705882582e-01 5.333333333333333259e-01
3.529411764705882582e-01 5.666666666666666519e-01
3.529411764705882582e-01 5.999999999999999778e-01
3.529411764705882582e-01 7.333333333333332815e-01
3.529411764705882582e-01 7.666666666666667185e-01
3.529411764705882582e-01 8.000000000000000444e-01
3.529411764705882582e-01 8.333333333333333703e-01
3.529411764705882582e-01 8.666666666666666963e-01
3.529411764705882582e-01 9.000000000000000222e-01
3.529411764705882582e-01 9.333333333333333481e-01
3.529411764705882582e-01 9.666666666666666741e-01
4.117647058823529216e-01 2.000000000000000111e-01
4.117647058823529216e-01 2.333333333333333370e-01
4.117647058823529216e-01 2.666666666666666630e-01
4.117647058823529216e-01 2.999999999999999889e-01
4.117647058823529216e-01 3.333333333333333148e-01
4.117647058823529216e-01 3.666666666666666408e-01
4.117647058823529216e-01 4.000000000000000222e-01
4.117647058823529216e-01 4.333333333333333481e-01
4.117647058823529216e-01 4.666666666666666741e-01
4.117647058823529216e-01 5.000000000000000000e-01
4.117647058823529216e-01 5.333333333333333259e-01
4.117647058823529216e-01 5.666666666666666519e-01
4.117647058823529216e-01 5.999999999999999778e-01
4.117647058823529216e-01 7.333333333333332815e-01
4.117647058823529216e-01 7.666666666666667185e-01
4.117647058823529216e-01 8.000000000000000444e-01
4.117647058823529216e-01 8.333333333333333703e-01
4.117647058823529216e-01 8.666666666666666963e-01
4.117647058823529216e-01 9.000000000000000222e-01
4.117647058823529216e-01 9.333333333333333481e-01
4.117647058823529216e-01 9.666666666666666741e-01
4.705882352941176405e-01 1.000000000000000056e-01
4.705882352941176405e-01 1.333333333333333315e-01
4.705882352941176405e-01 1.666666666666666574e-01
4.705882352941176405e-01 2.000000000000000111e-01
4.705882352941176405e-01 2.333333333333333370e-01
4.705882352941176405e-01 2.666666666666666630e-01
4.705882352941176405e-01 2.999999999999999889e-01
4.705882352941176405e-01 3.333333333333333148e-01
4.705882352941176405e-01 3.666666666666666408e-01
4.705882352941176405e-01 4.000000000000000222e-01
4.705882352941176405e-01 4.333333333333333481e-01
4.705882352941176405e-01 4.666666666666666741e-01
4.705882352941176405e-01 5.000000000000000000e-01
4.705882352941176405e-01 5.333333333333333259e-01
4.705882352941176405e-01 5.666666666666666519e-01
4.705882352941176405e-01 5.999999999999999778e-01
4.705882352941176405e-01 6.333333333333333037e-01
4.705882352941176405e-01 6.999999999999999556e-01
4.705882352941176405e-01 7.333333333333332815e-01
4.705882352941176405e-01 7.666666666666667185e-01
4.705882352941176405e-01 8.000000000000000444e-01
4.705882352941176405e-01 8.333333333333333703e-01
4.705882352941176405e-01 8.666666666666666963e-01
4.705882352941176405e-01 9.000000000000000222e-01
4.705882352941176405e-01 9.333333333333333481e-01
4.705882352941176405e-01 9.666666666666666741e-01
5.294117647058823595e-01 3.333333333333333287e-02
5.294117647058823595e-01 6.666666666666666574e-02
5.294117647058823595e-01 1.000000000000000056e-01
5.294117647058823595e-01 1.333333333333333315e-01
5.294117647058823595e-01 1.666666666666666574e-01
5.294117647058823595e-01 2.000000000000000111e-01
5.294117647058823595e-01 2.333333333333333370e-01
5.294117647058823595e-01 2.666666666666666630e-01
5.294117647058823595e-01 2.999999999999999889e-01
5.294117647058823595e-01 3.333333333333333148e-01
5.294117647058823595e-01 3.666666666666666408e-01
5.294117647058823595e-01 4.000000000000000222e-01
5.294117647058823595e-01 4.333333333333333481e-01
5.294117647058823595e-01 4.666666666666666741e-01
5.294117647058823595e-01 5.000000000000000000e-01
5.294117647058823595e-01 5.333333333333333259e-01
5.294117647058823595e-01 5.666666666666666519e-01
5.294117647058823595e-01 5.999999999999999778e-01
5.294117647058823595e-01 6.333333333333333037e-01
5.294117647058823595e-01 6.666666666666666297e-01
5.294117647058823595e-01 6.999999999999999556e-01
5.294117647058823595e-01 7.333333333333332815e-01
5.294117647058823595e-01 7.666666666666667185e-01
5.294117647058823595e-01 8.000000000000000444e-01
5.294117647058823595e-01 8.333333333333333703e-01
5.294117647058823595e-01 8.666666666666666963e-01
5.294117647058823595e-01 9.000000000000000222e-01
5.294117647058823595e-01 9.333333333333333481e-01
5.294117647058823595e-01 9.666666666666666741e-01
5.882352941176470784e-01 3.333333333333333287e-02
5.882352941176470784e-01 6.666666666666666574e-02
5.882352941176470784e-01 1.000000000000000056e-01
5.882352941176470784e-01 1.333333333333333315e-01
5.882352941176470784e-01 1.666666666666666574e-01
5.882352941176470784e-01 2.000000000000000111e-01
5.882352941176470784e-01 2.333333333333333370e-01
5.882352941176470784e-01 2.666666666666666630e-01
5.882352941176470784e-01 2.999999999999999889e-01
5.882352941176470784e-01 3.333333333333333148e-01
5.882352941176470784e-01 3.666666666666666408e-01
5.882352941176470784e-01 4.000000000000000222e-01
5.882352941176470784e-01 4.333333333333333481e-01
5.882352941176470784e-01 4.666666666666666741e-01
5.882352941176470784e-01 5.000000000000000000e-01
5.882352941176470784e-01 5.333333333333333259e-01
5.882352941176470784e-01 5.666666666666666519e-01
5.882352941176470784e-01 5.999999999999999778e-01
5.882352941176470784e-01 6.333333333333333037e-01
5.882352941176470784e-01 6.666666666666666297e-01
5.882352941176470784e-01 6.999999999999999556e-01
5.882352941176470784e-01 7.333333333333332815e-01
5.882352941176470784e-01 7.666666666666667185e-01
5.882352941176470784e-01 8.000000000000000444e-01
5.882352941176470784e-01 8.333333333333333703e-01
5.882352941176470784e-01 8.666666666666666963e-01
5.882352941176470784e-01 9.000000000000000222e-01
5.882352941176470784e-01 9.333333333333333481e-01
5.882352941176470784e-01 9.666666666666666741e-01
6.470588235294117974e-01 3.333333333333333287e-02
6.470588235294117974e-01 6.666666666666666574e-02
6.470588235294117974e-01 1.000000000000000056e-01
6.470588235294117974e-01 1.333333333333333315e-01
6.470588235294117974e-01 1.666666666666666574e-01
6.470588235294117974e-01 2.000000000000000111e-01
6.470588235294117974e-01 2.333333333333333370e-01
6.470588235294117974e-01 2.666666666666666630e-01
6.470588235294117974e-01 2.999999999999999889e-01
6.470588235294117974e-01 3.333333333333333148e-01
6.470588235294117974e-01 3.666666666666666408e-01
6.470588235294117974e-01 4.000000000000000222e-01
6.470588235294117974e-01 4.333333333333333481e-01
6.470588235294117974e-01 4.666666666666666741e-01
6.470588235294117974e-01 5.000000000000000000e-01
6.470588235294117974e-01 5.333333333333333259e-01
6.470588235294117974e-01 5.666666666666666519e-01
6.470588235294117974e-01 5.999999999999999778e-01
6.470588235294117974e-01 6.333333333333333037e-01
6.470588235294117974e-01 6.666666666666666297e-01
6.470588235294117974e-01 6.999999999999999556e-01
6.470588235294117974e-01 7.333333333333332815e-01
6.470588235294117974e-01 7.666666666666667185e-01
6.470588235294117974e-01 8.000000000000000444e-01
6.470588235294117974e-01 8.333333333333333703e-01
6.470588235294117974e-01 8.666666666666666963e-01
6.470588235294117974e-01 9.000000000000000222e-01
6.470588235294117974e-01 9.333333333333333481e-01
6.470588235294117974e-01 9.666666666666666741e-01
7.058823529411765163e-01 3.333333333333333287e-02
7.058823529411765163e-01 6.666666666666666574e-02
7.058823529411765163e-01 1.000000000000000056e-01
7.058823529411765163e-01 1.333333333333333315e-01
7.058823529411765163e-01 1.666666666666666574e-01
7.058823529411765163e-01 2.000000000000000111e-01
7.058823529411765163e-01 2.333333333333333370e-01
7.058823529411765163e-01 2.666666666666666630e-01
7.058823529411765163e-01 2.999999999999999889e-01
7.058823529411765163e-01 3.333333333333333148e-01
7.058823529411765163e-01 3.666666666666666408e-01
7.058823529411765163e-01 4.000000000000000222e-01
7.058823529411765163e-01 4.333333333333333481e-01
7.058823529411765163e-01 4.666666666666666741e-01
7.058823529411765163e-01 5.000000000000000000e-01
7.058823529411765163e-01 5.333333333333333259e-01
7.058823529411765163e-01 5.666666666666666519e-01
7.058823529411765163e-01 5.999999999999999778e-01
7.058823529411765163e-01 6.333333333333333037e-01
7.058823529411765163e-01 6.666666666666666297e-01
7.058823529411765163e-01 6.999999999999999556e-01
7.058823529411765163e-01 7.333333333333332815e-01
7.058823529411765163e-01 7.666666666666667185e-01
7.058823529411765163e-01 8.000000000000000444e-01
7.058823529411765163e-01 8.333333333333333703e-01
7.058823529411765163e-01 8.666666666666666963e-01
7.058823529411765163e-01 9.000000000000000222e-01
7.058823529411765163e-01 9.333333333333333481e-01
7.058823529411765163e-01 9.666666666666666741e-01
7.647058823529411242e-01 3.333333333333333287e-02
7.647058823529411242e-01 6.666666666666666574e-02
7.647058823529411242e-01 1.000000000000000056e-01
7.647058823529411242e-01 1.333333333333333315e-01
7.647058823529411242e-01 1.666666666666666574e-01
7.647058823529411242e-01 2.000000000000000111e-01
7.647058823529411242e-01 2.333333333333333370e-01
7.647058823529411242e-01 2.666666666666666630e-01
7.647058823529411242e-01 2.999999999999999889e-01
7.647058823529411242e-01 3.333333333333333148e-01
7.647058823529411242e-01 3.666666666666666408e-01
7.647058823529411242e-01 4.000000000000000222e-01
7.647058823529411242e-01 4.333333333333333481e-01
7.647058823529411242e-01 4.666666666666666741e-01
7.647058823529411242e-01 5.000000000000000000e-01
7.647058823529411242e-01 5.333333333333333259e-01
7.647058823529411242e-01 5.666666666666666519e-01
7.647058823529411242e-01 6.333333333333333037e-01
7.647058823529411242e-01 6.666666666666666297e-01
7.647058823529411242e-01 6.999999999999999556e-01
7.647058823529411242e-01 7.333333333333332815e-01
7.647058823529411242e-01 7.666666666666667185e-01
7.647058823529411242e-01 8.000000000000000444e-01
7.647058823529411242e-01 8.333333333333333703e-01
7.647058823529411242e-01 8.666666666666666963e-01
7.647058823529411242e-01 9.000000000000000222e-01
7.647058823529411242e-01 9.333333333333333481e-01
7.647058823529411242e-01 9.666666666666666741e-01
8.235294117647058432e-01 3.333333333333333287e-02
8.235294117647058432e-01 6.666666666666666574e-02
8.235294117647058432e-01 1.000000000000000056e-01
8.235294117647058432e-01 1.333333333333333315e-01
8.235294117647058432e-01 1.666666666666666574e-01
8.235294117647058432e-01 2.000000000000000111e-01
8.235294117647058432e-01 2.333333333333333370e-01
8.235294117647058432e-01 2.666666666666666630e-01
8.235294117647058432e-01 2.999999999999999889e-01
8.235294117647058432e-01 3.333333333333333148e-01
8.235294117647058432e-01 3.666666666666666408e-01
8.235294117647058432e-01 4.000000000000000222e-01
8.235294117647058432e-01 4.333333333333333481e-01
8.235294117647058432e-01 4.666666666666666741e-01
8.235294117647058432e-01 5.000000000000000000e-01
8.235294117647058432e-01 5.333333333333333259e-01
8.235294117647058432e-01 5.666666666666666519e-01
8.235294117647058432e-01 6.333333333333333037e-01
8.235294117647058432e-01 6.666666666666666297e-01
8.235294117647058432e-01 6.999999999999999556e-01
8.235294117647058432e-01 7.333333333333332815e-01
8.235294117647058432e-01 7.666666666666667185e-01
8.235294117647058432e-01 8.000000000000000444e-01
8.235294117647058432e-01 8.333333333333333703e-01
8.235294117647058432e-01 8.666666666666666963e-01
8.235294117647058432e-01 9.000000000000000222e-01
8.235294117647058432e-01 9.333333333333333481e-01
8.235294117647058432e-01 9.666666666666666741e-01
8.823529411764705621e-01 6.666666666666666574e-02
8.823529411764705621e-01 1.000000000000000056e-01
8.823529411764705621e-01 1.333333333333333315e-01
8.823529411764705621e-01 1.666666666666666574e-01
8.823529411764705621e-01 2.000000000000000111e-01
8.823529411764705621e-01 2.333333333333333370e-01
8.823529411764705621e-01 2.666666666666666630e-01
8.823529411764705621e-01 2.999999999999999889e-01
8.823529411764705621e-01 3.333333333333333148e-01
8.823529411764705621e-01 3.666666666666666408e-01
8.823529411764705621e-01 4.000000000000000222e-01
8.823529411764705621e-01 4.333333333333333481e-01
8.823529411764705621e-01 4.666666666666666741e-01
8.823529411764705621e-01 5.000000000000000000e-01
8.823529411764705621e-01 5.333333333333333259e-01
8.823529411764705621e-01 5.666666666666666519e-01
8.823529411764705621e-01 6.333333333333333037e-01
8.823529411764705621e-01 6.666666666666666297e-01
8.823529411764705621e-01 6.999999999999999556e-01
8.823529411764705621e-01 7.333333333333332815e-01
8.823529411764705621e-01 7.666666666666667185e-01
8.823529411764705621e-01 8.000000000000000444e-01
8.823529411764705621e-01 8.333333333333333703e-01
8.823529411764705621e-01 8.666666666666666963e-01
8.823529411764705621e-01 9.000000000000000222e-01
8.823529411764705621e-01 9.333333333333333481e-01
8.823529411764705621e-01 9.666666666666666741e-01
9.411764705882352811e-01 6.666666666666666574e-02
9.411764705882352811e-01 1.000000000000000056e-01
9.411764705882352811e-01 1.333333333333333315e-01
9.411764705882352811e-01 1.666666666666666574e-01
9.411764705882352811e-01 2.000000000000000111e-01
9.411764705882352811e-01 2.333333333333333370e-01
9.411764705882352811e-01 2.666666666666666630e-01
9.411764705882352811e-01 2.999999999999999889e-01
9.411764705882352811e-01 3.333333333333333148e-01
9.411764705882352811e-01 3.666666666666666408e-01
9.411764705882352811e-01 4.000000000000000222e-01
9.411764705882352811e-01 4.333333333333333481e-01
9.411764705882352811e-01 4.666666666666666741e-01
9.411764705882352811e-01 5.000000000000000000e-01
9.411764705882352811e-01 5.333333333333333259e-01
9.411764705882352811e-01 5.666666666666666519e-01
9.411764705882352811e-01 6.333333333333333037e-01
9.411764705882352811e-01 6.666666666666666297e-01
9.411764705882352811e-01 6.999999999999999556e-01
9.411764705882352811e-01 7.333333333333332815e-01
9.411764705882352811e-01 7.666666666666667185e-01
9.411764705882352811e-01 8.000000000000000444e-01
9.411764705882352811e-01 8.333333333333333703e-01
9.411764705882352811e-01 8.666666666666666963e-01
9.411764705882352811e-01 9.000000000000000222e-01
9.411764705882352811e-01 9.333333333333333481e-01
1.000000000000000000e+00 6.666666666666666574e-02
1.000000000000000000e+00 1.000000000000000056e-01
1.000000000000000000e+00 1.333333333333333315e-01
1.000000000000000000e+00 1.666666666666666574e-01
1.000000000000000000e+00 2.000000000000000111e-01
1.000000000000000000e+00 2.333333333333333370e-01
1.000000000000000000e+00 2.666666666666666630e-01
1.000000000000000000e+00 2.999999999999999889e-01
1.000000000000000000e+00 3.333333333333333148e-01
1.000000000000000000e+00 3.666666666666666408e-01
1.000000000000000000e+00 4.000000000000000222e-01
1.000000000000000000e+00 4.333333333333333481e-01
1.000000000000000000e+00 4.666666666666666741e-01
1.000000000000000000e+00 5.000000000000000000e-01
1.000000000000000000e+00 5.666666666666666519e-01
1.000000000000000000e+00 6.333333333333333037e-01
1.000000000000000000e+00 6.666666666666666297e-01
1.000000000000000000e+00 6.999999999999999556e-01
1.000000000000000000e+00 7.333333333333332815e-01
1.000000000000000000e+00 7.666666666666667185e-01
1.000000000000000000e+00 8.000000000000000444e-01
1.000000000000000000e+00 8.333333333333333703e-01
1.000000000000000000e+00 8.666666666666666963e-01
1.000000000000000000e+00 9.333333333333333481e-01
