1.947247113163972365e-01
1.703647113163971882e-01
-1.306652886836027760e-01
-4.316952886836027958e-01
-4.316952886836027958e-01
2.932147113163972030e-01
2.739047113163972647e-01
3.464547113163972680e-01
-1.306652886836027760e-01
-5.456352886836027816e-01
-7.674852886836027732e-01
-8.466652886836028014e-01
-9.435752886836028530e-01
-8.466652886836028014e-01
-8.466652886836028014e-01
-7.005352886836028192e-01
3.294247113163971674e-01
2.739047113163972647e-01
7.761471131639718912e-02
3.294247113163971674e-01
1.619347113163972507e-01
5.642471131639725801e-02
1.786447113163972533e-01
1.356047113163971751e-01
1.356047113163971751e-01
5.642471131639725801e-02
1.171247113163972342e-01
-1.306652886836027760e-01
6.157347113163972319e-01
-1.415528868360282910e-02
4.320847113163972519e-01
-1.142752886836027604e-01
-1.476952886836027656e-01
-2.032152886836027794e-01
-5.456352886836027816e-01
-4.664552886836027534e-01
-5.456352886836027816e-01
-4.316952886836027958e-01
2.325147113163972268e-01
3.786447113163972089e-01
5.477847113163972770e-01
4.542471131639724824e-02
-2.446052886836027618e-01
2.804347113163971894e-01
2.932147113163972030e-01
1.075747113163971758e-01
2.256471131639725680e-02
1.171247113163972342e-01
3.414471131639718049e-02
-1.654252886836027892e-01
-3.695452886836028128e-01
-1.565288683602727993e-03
2.102347113163972603e-01
-3.415152886836028134e-01
-1.654252886836027892e-01
-3.415152886836028134e-01
-2.903652886836027847e-01
-3.151852886836027934e-01
1.171247113163972342e-01
1.947247113163972365e-01
-1.476952886836027656e-01
-3.151852886836027934e-01
-1.565288683602727993e-03
-2.234152886836027752e-01
1.066471131639723513e-02
5.642471131639725801e-02
-8.323528868360280386e-02
3.414471131639718049e-02
2.467547113163972572e-01
1.171247113163972342e-01
7.761471131639718912e-02
-6.851528868360279301e-02
2.102347113163972603e-01
-6.425452886836027222e-01
-4.316952886836027958e-01
-6.851528868360279301e-02
7.761471131639718912e-02
-1.306652886836027760e-01
-2.446052886836027618e-01
-1.565288683602727993e-03
-4.316952886836027958e-01
-3.995052886836027994e-01
2.739047113163972647e-01
1.703647113163971882e-01
-1.565288683602727993e-03
-5.427528868360276260e-02
-6.851528868360279301e-02
1.066471131639723513e-02
1.171247113163972342e-01
-1.565288683602727993e-03
-1.565288683602727993e-03
1.075747113163971758e-01
2.537047113163972689e-01
1.171247113163972342e-01
-4.048528868360279365e-02
-8.323528868360280386e-02
-2.903652886836027847e-01
-4.664552886836027534e-01
-3.415152886836028134e-01
-3.995052886836027994e-01
3.414471131639718049e-02
2.256471131639725680e-02
9.781471131639718486e-02
1.356047113163971751e-01
-1.306652886836027760e-01
-1.476952886836027656e-01
6.246247113163972964e-01
1.703647113163971882e-01
-3.695452886836028128e-01
-5.042452886836027437e-01
-3.695452886836028128e-01
-4.664552886836027534e-01
-1.839052886836027856e-01
-1.565288683602727993e-03
1.619347113163972507e-01
1.075747113163971758e-01
1.947247113163972365e-01
-3.995052886836027994e-01
-5.456352886836027816e-01
-1.654252886836027892e-01
2.256471131639725680e-02
-3.415152886836028134e-01
1.356047113163971751e-01
-2.234152886836027752e-01
1.356047113163971751e-01
-2.234152886836027752e-01
-5.042452886836027437e-01
4.542471131639724824e-02
-1.565288683602727993e-03
-2.234152886836027752e-01
-3.695452886836028128e-01
-3.695452886836028128e-01
-4.316952886836027958e-01
-2.903652886836027847e-01
-1.415528868360282910e-02
1.867547113163972039e-01
1.619347113163972507e-01
1.445647113163972541e-01
-2.903652886836027847e-01
-2.446052886836027618e-01
-2.903652886836027847e-01
-3.415152886836028134e-01
-3.415152886836028134e-01
1.075747113163971758e-01
-2.446052886836027618e-01
-2.032152886836027794e-01
-4.664552886836027534e-01
-5.042452886836027437e-01
-9.847528868360277965e-02
9.781471131639718486e-02
2.932147113163972030e-01
-5.042452886836027437e-01
-3.415152886836028134e-01
-4.048528868360279365e-02
1.533347113163971986e-01
-2.234152886836027752e-01
-1.142752886836027604e-01
2.467547113163972572e-01
4.996847113163972454e-01
1.533347113163971986e-01
3.414471131639718049e-02
7.761471131639718912e-02
-2.234152886836027752e-01
-1.839052886836027856e-01
-1.306652886836027760e-01
-2.032152886836027794e-01
-1.839052886836027856e-01
1.867547113163972039e-01
-2.903652886836027847e-01
-3.995052886836027994e-01
-5.427528868360276260e-02
-1.654252886836027892e-01
-9.847528868360277965e-02
5.846947113163972753e-01
6.718447113163971141e-01
5.649547113163971845e-01
-1.476952886836027656e-01
-5.042452886836027437e-01
-3.695452886836028128e-01
-1.839052886836027856e-01
-2.446052886836027618e-01
-3.415152886836028134e-01
-1.306652886836027760e-01
1.619347113163972507e-01
1.867547113163972039e-01
4.755547113163972606e-01
5.477847113163972770e-01
3.628547113163972382e-01
2.325147113163972268e-01
1.356047113163971751e-01
-1.306652886836027760e-01
-1.306652886836027760e-01
-1.654252886836027892e-01
-1.839052886836027856e-01
-1.565288683602727993e-03
-2.903652886836027847e-01
1.947247113163972365e-01
-1.565288683602727993e-03
-3.415152886836028134e-01
1.619347113163972507e-01
1.075747113163971758e-01
1.066471131639723513e-02
-1.415528868360282910e-02
2.325147113163972268e-01
2.605447113163972261e-01
-5.427528868360276260e-02
-2.032152886836027794e-01
-8.323528868360280386e-02
-1.476952886836027656e-01
-3.415152886836028134e-01
-5.427528868360276260e-02
-8.323528868360280386e-02
1.171247113163972342e-01
1.947247113163972365e-01
9.182547113163971320e-01
8.345747113163971553e-01
6.127247113163972747e-01
4.086047113163971956e-01
2.396947113163971910e-01
-1.142752886836027604e-01
-8.323528868360280386e-02
-1.654252886836027892e-01
-2.032152886836027794e-01
-5.913952886836028044e-01
-8.323528868360280386e-02
2.537047113163972689e-01
-9.847528868360277965e-02
-3.415152886836028134e-01
-1.306652886836027760e-01
2.868747113163971907e-01
6.714471131639720980e-02
1.703647113163971882e-01
2.932147113163972030e-01
2.325147113163972268e-01
1.066471131639723513e-02
-3.415152886836028134e-01
-3.415152886836028134e-01
-2.032152886836027794e-01
-2.234152886836027752e-01
-2.446052886836027618e-01
3.414471131639718049e-02
7.761471131639718912e-02
9.715647113163973225e-01
9.984347113163972720e-01
8.857247113163971841e-01
6.873647113163973144e-01
3.786447113163972089e-01
2.325147113163972268e-01
-1.654252886836027892e-01
-1.142752886836027604e-01
-1.839052886836027856e-01
-1.306652886836027760e-01
-5.042452886836027437e-01
-5.456352886836027816e-01
1.075747113163971758e-01
-4.316952886836027958e-01
-3.995052886836027994e-01
1.075747113163971758e-01
-6.851528868360279301e-02
1.066471131639723513e-02
5.371547113163971376e-01
-4.664552886836027534e-01
4.542471131639724824e-02
-1.476952886836027656e-01
-8.323528868360280386e-02
-2.234152886836027752e-01
-3.151852886836027934e-01
-5.456352886836027816e-01
-2.903652886836027847e-01
-1.565288683602727993e-03
1.066471131639723513e-02
9.314847113163972070e-01
1.144564711316397254e+00
9.649147113163972778e-01
5.642471131639725801e-02
-4.664552886836027534e-01
-6.851528868360279301e-02
-3.995052886836027994e-01
7.761471131639718912e-02
-4.664552886836027534e-01
-3.415152886836028134e-01
1.867547113163972039e-01
-2.234152886836027752e-01
-5.427528868360276260e-02
-3.415152886836028134e-01
-2.712528868360275514e-02
1.356047113163971751e-01
-5.427528868360276260e-02
-8.323528868360280386e-02
2.868747113163971907e-01
-8.323528868360280386e-02
1.786447113163972533e-01
1.619347113163972507e-01
3.294247113163971674e-01
3.294247113163971674e-01
2.537047113163972689e-01
1.867547113163972039e-01
2.325147113163972268e-01
-1.415528868360282910e-02
3.414471131639718049e-02
8.574847113163971413e-01
7.765847113163971693e-01
7.376647113163973257e-01
-2.032152886836027794e-01
-3.695452886836028128e-01
-5.456352886836027816e-01
-5.042452886836027437e-01
-2.446052886836027618e-01
-2.668852886836027838e-01
-3.695452886836028128e-01
-2.032152886836027794e-01
-5.456352886836027816e-01
7.761471131639718912e-02
1.075747113163971758e-01
2.932147113163972030e-01
3.294247113163971674e-01
1.066471131639723513e-02
-5.427528868360276260e-02
-6.851528868360279301e-02
1.703647113163971882e-01
2.396947113163971910e-01
2.605447113163972261e-01
4.796747113163971621e-01
2.325147113163972268e-01
3.938847113163972402e-01
1.703647113163971882e-01
-1.565288683602727993e-03
-2.446052886836027618e-01
5.335447113163972466e-01
3.116947113163972549e-01
4.037547113163971746e-01
-2.032152886836027794e-01
-4.316952886836027958e-01
-7.005352886836028192e-01
-4.048528868360279365e-02
-3.695452886836028128e-01
-6.425452886836027222e-01
-4.664552886836027534e-01
-1.142752886836027604e-01
-2.234152886836027752e-01
2.739047113163972647e-01
1.867547113163972039e-01
1.867547113163972039e-01
3.628547113163972382e-01
8.783471131639719598e-02
1.264647113163972492e-01
-2.234152886836027752e-01
3.574547113163971668e-01
4.086047113163971956e-01
4.455947113163972739e-01
3.628547113163972382e-01
6.004947113163973116e-01
4.996847113163972454e-01
7.639947113163972903e-01
3.414471131639718049e-02
-4.048528868360279365e-02
1.264647113163972492e-01
2.177947113163972714e-01
-1.476952886836027656e-01
-7.005352886836028192e-01
-7.005352886836028192e-01
-5.456352886836027816e-01
-2.032152886836027794e-01
-4.664552886836027534e-01
-3.415152886836028134e-01
-8.323528868360280386e-02
-1.476952886836027656e-01
4.755547113163972606e-01
4.629647113163971595e-01
1.867547113163972039e-01
1.786447113163972533e-01
1.533347113163971986e-01
-5.427528868360276260e-02
-1.476952886836027656e-01
3.116947113163972549e-01
2.868747113163971907e-01
-1.839052886836027856e-01
5.112647113163971690e-01
5.335447113163972466e-01
3.464547113163972680e-01
3.628547113163972382e-01
3.414471131639718049e-02
1.066471131639723513e-02
-4.048528868360279365e-02
-1.306652886836027760e-01
-2.903652886836027847e-01
-5.913952886836028044e-01
-5.042452886836027437e-01
-1.839052886836027856e-01
1.066471131639723513e-02
-5.913952886836028044e-01
8.783471131639719598e-02
-1.415528868360282910e-02
-1.476952886836027656e-01
5.512747113163972701e-01
5.335447113163972466e-01
1.619347113163972507e-01
3.116947113163972549e-01
-6.851528868360279301e-02
7.761471131639718912e-02
-1.142752886836027604e-01
2.396947113163971910e-01
1.171247113163972342e-01
2.396947113163971910e-01
3.786447113163972089e-01
3.294247113163971674e-01
2.325147113163972268e-01
3.294247113163971674e-01
-4.048528868360279365e-02
5.371547113163971376e-01
3.938847113163972402e-01
1.264647113163972492e-01
-2.032152886836027794e-01
-8.323528868360280386e-02
1.066471131639723513e-02
7.761471131639718912e-02
-6.851528868360279301e-02
2.739047113163972647e-01
2.537047113163972689e-01
3.116947113163972549e-01
5.846947113163972753e-01
2.102347113163972603e-01
4.134047113163972220e-01
3.294247113163971674e-01
-2.446052886836027618e-01
2.325147113163972268e-01
2.605447113163972261e-01
1.619347113163972507e-01
2.868747113163971907e-01
4.086047113163971956e-01
3.294247113163971674e-01
2.739047113163972647e-01
1.867547113163972039e-01
